6369595142
5949249166
7288493409
893322883
7375029045
7553725249
7430205980
7302928814
5064987135
8137713062
7807943268
7874441437
6428580174
1470558049
7627967334
7639320152
7997754556
7961388458
7465543670
7473419204
7390405091
6184822786
7913462398
5422115930
7434001443
6564033216
8086593335
6752181667
7820298383
7759992336
1536507546
7879048762
7189787418
7016599863
8061025046
7873711437
7038895537
2057452354
6417762847
6274837056
8065024659
7447984015
7176598531
7846734622
7276520677
7312189657
1087396130
5420848629
7568237310
7131553846
6946028200
7798800249
7441047008
7331907494
7024520863
7050185286
6234874541
6074214807
5606951979
7474648078
5875585432
6597640822
1492794398
6656679199
6604034168
7423345728
8015669215
7233457259
7676391707
7311772197
7935461562
5973471674
7324546472
6388047907
7143842108
7280926767
5974810581
7680774796
5506210469
8047706033
7751705205
7979741899
6337320298
7039038621
6348227203
5995238474
7737368201
7750759766
7820666625
5374217995
7771564994
7637646563
5443648355
7670759905
5039676571
8134908980
2041578952
6336392412
7474276311
6566960744
7335784600
7029721601
7281702781
5856424571
7860754892
6467786179
7301158178
7787318506
6526455887
5261500147
6407691555
7812610578
8011094874
7247759091
7672451698
7710331434
8103073300
6638166965
7373932777
997218566
6231159507
7756482597
5436911790
7737092863
7824596553
7606926434
6563326252
7695083188
7634352583
7002077922
8144740827
6843314454
5736979382
5806387350
6132563403
8197315205
8116124233
7962991098
7872121516
8157273301
8114048422
5066961341
8143266664
8163608009
7407550230
7594344008
7532213893
8023817590
5609463055
7904624797
8017321376
6639718863
1122032280
7899910370
6889400703
7155169783
2125604704
6125122650
7790069698
7559500928
7020565331
7766133791
7820349728
7369488382
6015944632
5279691838
7982038646
8057638019
5827836845
6289892710
6423234627
7816069996
7602308934
7561030766
1270632819
